1
13.5311900 100.6745910 1000.0000000 20.0000000
5
13.8047420 100.2900700 300.0000000 115.0000000
13.7553920 101.2005620 250.0000000 210.0000000
13.9140730 100.7597350 250.0000000 190.0000000
13.2573230 100.3601070 350.0000000 40.0000000
13.1664110 101.0728450 300.0000000 340.0000000
5
1
13.5311900 100.6745910 1000.0000000 20.0000000
13.1664110 101.0728450 300.0000000 340.0000000
13.2914130 101.0260942
1
13.2914130 101.0260942 941.7799090 125.0000000
13.6593803 101.1435201 250.0000000 210.0000000
13.5911152 101.1029737
1
13.5911152 101.1029737 979.7056504 14.0000000
13.7272745 100.7258225 250.0000000 190.0000000
13.6311104 100.7083749
1
13.6311104 100.7083749 987.2214311 276.0000000
13.5654218 100.6259791 350.0000000 40.0000000
13.5846118 100.6425454
1
13.5846118 100.6425454 1105.0329345 234.0000000
13.6498808 100.6317438 300.0000000 115.0000000
13.6430791 100.6467525
